1.310299479176763260e+00 -6.108886434082721334e-02
9.290246729830178851e-02 -1.414534180226554305e+00
2.807075392583734397e-01 -8.987798105242824631e-01
1.218025485858592605e+00 6.550854861863718570e-01
1.258530291697791181e+00 -8.173415994988069144e-01
4.459438820077842314e-01 -1.273818734071964665e+00
1.329517896159049251e+00 3.660926749043274392e-02
7.508596439022268143e-01 -5.518280609806370807e-01
1.219004240129550221e+00 6.536587293456325165e-01
5.352863983459767994e-01 -6.967894042546851630e-01
5.160360604750329205e-01 -4.042212147119798038e-01
5.686896915650420103e-01 -1.331717407957092369e+00
1.078144651511763863e+00 -4.603953230520561046e-01
9.405533469125325619e-01 3.545570912191334245e-01
1.127769003296844375e+00 -9.918628974732985881e-01
8.952959161424054457e-01 -2.761932085568578610e-01
1.236313670460536862e+00 6.488582440310379507e-02
-2.244047356697110533e-03 -9.456670207857689192e-01
-1.019224313534653481e+00 4.347904443448445955e-01
-1.550321323379887373e+00 -3.551671153244886359e-01