-1.974596504351840975e-01 1.104288935043303832e+00
-3.889278809395796399e-01 1.434732938329023044e+00
-1.206983082555786346e+00 1.385194099702279913e-01
3.894154120999464008e-01 9.689857980978672236e-01
-1.036203717851811090e+00 2.503081555407851155e-01
4.618520814956598164e-01 1.418973662508472344e+00
-5.127721454873492846e-01 1.262375014750358959e+00
-1.220602392985414841e+00 5.823415236295316211e-01
-7.099349179591435410e-01 1.254196261863681050e+00
-6.989466192349610418e-01 7.500251647444783343e-01
4.618520815274601010e-01 1.418973662495272459e+00
-4.888637349155491862e-01 8.372655962468347202e-01
-1.113471953210654508e+00 7.460570568816444759e-01
9.207739979474636183e-01 -6.897716158862112756e-01
8.545063756628978879e-01 -1.346405314207925974e+00
1.059970540132296968e+00 -5.195654929374365905e-01
-4.590162861963313912e-01 -9.707399524168910387e-01
5.053766415054993244e-01 -1.491449672113875247e+00
8.545063756648320075e-01 -1.346405314206912784e+00
9.964508749030607238e-01 -3.558284983942130303e-02
6.386589021454135429e-01 -1.078517895437421492e+00
-1.737073396834707129e-01 -1.435293219224899719e+00
-1.737073396834707129e-01 -1.435293219224899719e+00
7.318571365486804536e-01 -3.265689624917080813e-01
5.053766415054962158e-01 -1.491449672113876135e+00
