-1.092682535880326045e-01 -1.050268788718194957e+00
2.956044271402723522e-01 -8.828770507236924914e-01
-8.678896286207264943e-01 -6.163368039452480490e-02
-4.696956794752985553e-01 -8.450754813102485663e-01
-9.180710438685972807e-01 -4.965631326161259462e-01
8.401617080243168889e-01 4.919795069092181006e-01
3.793111444232357687e-01 9.639516510851855458e-01
8.998810637122178768e-01 2.354850309870235303e-01
-4.219567833682605351e-01 8.191611502653867172e-01
3.719230456208726943e-01 8.258407945159721431e-01
